10000
673
944
557
794
710
382
716
714
986
52
498
568
629
383
499
892
828
911
112
741
951
529
686
59
770
79
522
446
120
826
969
301
376
676
816
539
637
574
361
921
635
984
892
537
687
775
804
501
284
924
628
735
118
444
986
222
344
813
941
627
983
85
142
37
480
741
73
486
463
908
406
51
332
278
613
937
664
958
957
442
799
636
206
550
217
819
689
349
104
632
634
75
689
275
97
435
99
315
518
336
32
613
612
122
115
547
390
672
535
366
608
59
640
899
101
541
845
920
114
241
195
562
768
57
1
758
391
111
127
682
915
250
501
816
400
727
627
795
113
387
900
212
98
801
792
596
54
68
181
4
415
564
633
454
797
854
889
47
773
651
540
62
586
241
839
89
812
644
474
218
827
686
753
793
911
226
288
647
801
552
540
274
908
815
384
381
643
707
910
588
62
759
416
530
642
92
941
986
576
21
801
160
714
728
201
73
712
9
461
940
661
810
316
196
472
298
292
130
393
805
254
959
766
711
708
176
648
424
409
648
861
189
90
157
37
6
129
690
782
710
4
876
568
296
43
283
425
840
568
149
228
934
573
380
518
207
383
815
885
780
46
160
886
670
723
212
906
936
850
450
325
781
786
643
291
200
284
789
614
270
882
938
786
737
849
3
359
476
819
730
224
522
651
82
299
773
20
794
764
497
88
612
894
82
526
255
709
860
492
197
846
183
622
240
246
808
775
837
803
562
465
390
974
376
927
808
960
629
333
758
216
697
691
86
353
88
430
500
866
730
148
885
778
203
874
566
970
390
327
193
17
21
166
746
27
701
668
278
891
934
21
196
446
677
874
946
319
210
548
614
590
826
786
334
251
167
556
197
861
765
914
190
393
287
958
699
703
194
811
588
534
742
767
510
497
729
116
886
10
315
952
382
631
200
964
190
468
949
456
204
992
507
329
945
271
493
848
199
507
800
415
982
191
332
954
809
470
740
804
182
313
286
187
717
848
492
791
962
13
917
710
794
757
15
590
964
183
627
491
81
215
182
7
616
408
538
10
670
90
26
882
790
989
366
345
917
948
12
60
166
283
723
347
673
640
26
330
596
576
154
365
650
76
435
143
711
789
133
538
180
961
38
287
943
998
777
289
152
205
765
341
343
22
125
244
822
691
609
236
318
916
485
56
436
176
579
580
914
517
727
915
57
127
429
308
390
409
742
967
519
58
416
606
327
794
897
677
82
337
321
129
985
109
46
61
811
523
368
578
528
100
582
522
229
399
81
313
898
763
299
394
425
253
378
840
603
410
576
393
870
88
484
842
654
208
223
66
38
783
333
955
258
903
683
984
642
481
89
329
37
581
742
866
195
256
578
389
57
10
613
238
612
486
414
986
316
485
704
502
74
335
987
170
475
699
395
444
575
50
165
49
759
275
807
785
381
187
905
514
815
980
384
198
304
955
180
626
89
464
733
718
681
760
496
503
499
431
551
452
406
907
841
741
303
971
143
781
228
445
681
614
741
125
105
300
323
104
752
594
491
178
793
129
847
762
383
472
526
612
227
394
504
544
324
210
325
552
593
783
735
671
617
806
309
802
509
927
962
277
604
578
408
90
921
332
973
808
177
270
857
429
263
204
864
250
832
656
145
223
536
233
498
116
824
696
997
118
575
978
161
96
289
218
329
825
954
831
287
306
788
980
251
520
995
754
299
701
165
469
699
756
425
163
89
408
780
301
585
761
953
228
201
136
304
223
770
740
349
437
454
708
326
790
785
503
314
943
341
141
52
71
933
326
787
755
161
37
777
597
123
447
474
231
914
36
488
745
504
900
134
851
929
674
269
898
170
980
186
23
4
606
12
888
865
778
985
621
801
104
603
943
817
463
408
748
270
794
527
827
821
425
934
672
838
20
43
508
853
804
838
796
987
279
508
437
4
567
396
828
477
878
219
45
806
658
745
134
138
257
283
731
110
728
384
307
663
815
845
906
117
23
433
843
195
805
475
341
476
375
644
191
682
151
853
180
797
548
362
180
551
524
12
430
417
664
455
24
820
917
811
770
45
103
760
360
729
320
568
204
56
146
775
235
866
857
373
90
853
892
110
83
91
385
404
345
302
808
963
93
742
990
711
300
702
176
211
732
554
516
186
575
433
21
140
317
803
668
402
556
456
182
415
941
310
733
277
398
552
606
416
575
792
683
603
821
203
951
281
903
420
962
754
4
559
209
201
940
661
984
353
747
606
624
789
978
848
326
37
399
434
450
813
555
105
535
388
92
446
351
312
220
363
186
370
565
52
246
409
555
165
412
380
482
353
84
830
38
806
903
824
93
247
687
104
859
787
157
582
403
723
333
317
356
815
198
943
771
107
919
267
999
918
798
467
978
618
951
807
572
947
587
258
357
346
863
723
565
974
467
596
702
401
609
723
416
929
173
762
38
462
314
394
916
513
555
758
806
341
938
224
741
988
316
232
907
838
466
382
164
250
98
60
294
644
98
106
425
150
797
303
894
261
183
64
239
346
792
681
48
965
505
437
862
483
849
121
149
736
479
925
989
889
508
926
497
295
205
614
125
809
775
853
488
834
311
907
445
128
395
681
964
259
58
263
253
703
118
267
43
797
356
897
183
396
669
606
426
632
678
248
201
74
411
80
439
986
5
823
152
882
570
289
184
711
731
61
38
927
98
642
260
557
742
944
441
717
390
34
864
94
257
83
976
158
393
742
582
208
120
217
711
651
623
788
609
384
746
464
677
328
947
155
589
190
679
669
343
622
255
971
441
909
899
346
442
605
377
289
877
305
694
316
700
222
189
632
781
811
490
726
853
963
404
928
128
229
873
642
654
208
581
800
144
172
633
330
669
213
567
391
467
450
183
350
830
609
159
968
340
935
67
458
578
94
177
534
901
101
939
680
328
226
75
963
408
389
201
890
683
165
268
59
967
470
828
388
541
284
44
431
402
607
160
40
252
212
135
113
903
457
878
844
316
683
197
467
517
909
537
725
466
584
638
585
678
995
597
422
137
668
126
699
578
555
453
552
140
919
79
547
21
335
805
126
824
435
677
140
336
968
582
816
661
432
866
294
981
400
853
393
908
915
442
325
417
956
985
684
725
700
796
182
967
19
788
508
354
801
174
679
339
143
858
523
672
427
639
467
563
736
998
66
343
331
703
692
69
693
5
697
653
254
292
515
914
376
883
329
936
934
459
476
732
544
42
195
409
133
442
193
118
606
194
855
401
947
395
539
379
576
801
793
602
676
783
354
907
679
350
667
939
306
699
965
17
302
414
696
339
570
214
389
89
650
156
690
908
9
372
522
171
185
627
846
848
351
387
215
928
342
849
183
664
758
657
914
851
2
311
373
18
555
258
883
249
446
93
14
489
576
59
265
390
994
83
385
235
196
75
899
831
762
491
945
75
596
479
550
61
884
589
653
439
646
591
184
952
351
88
692
56
439
55
723
0
410
60
760
465
305
69
475
210
510
649
947
799
489
432
216
226
776
293
34
346
523
48
491
206
792
532
439
304
145
414
548
330
662
719
827
887
765
247
700
564
560
323
57
919
293
847
571
954
701
111
585
105
788
774
513
337
923
682
464
21
185
141
878
919
842
164
955
301
213
412
690
722
835
234
972
573
825
27
543
778
831
262
206
248
388
372
27
521
106
643
176
812
775
95
720
221
596
851
586
290
706
665
660
931
2
712
546
256
139
743
389
500
141
793
71
983
771
881
432
775
535
491
339
402
719
645
981
789
711
824
296
97
195
251
998
485
96
123
486
180
626
658
141
415
234
123
124
511
572
601
151
277
589
151
762
743
552
821
318
244
871
875
77
709
566
316
216
483
585
369
381
799
926
853
398
951
5
514
70
569
383
472
102
479
998
729
53
57
638
259
326
453
402
569
851
14
354
907
160
604
919
943
871
705
65
706
760
258
705
759
617
633
479
43
654
312
824
824
109
663
978
311
430
708
43
454
621
974
986
799
458
651
898
133
381
397
618
786
656
388
410
890
631
600
393
57
384
797
74
718
713
257
973
570
299
434
541
471
911
283
16
751
363
475
260
484
244
859
928
941
984
947
166
697
722
540
266
393
980
148
940
132
590
669
794
168
384
623
661
874
996
779
474
936
110
675
602
490
459
736
97
255
451
362
177
338
312
200
90
484
736
248
33
771
797
715
637
317
768
959
490
141
754
960
222
995
138
16
935
455
433
12
574
778
660
156
713
505
461
108
876
837
93
45
466
50
421
120
126
734
985
421
240
135
800
497
347
50
974
67
588
377
982
199
827
116
175
216
466
354
216
253
285
339
346
917
325
716
676
513
833
262
160
965
548
166
651
519
256
997
131
48
129
329
775
626
392
636
654
144
874
549
751
531
115
803
499
950
617
275
234
31
612
432
177
638
86
930
461
864
641
826
488
782
118
34
678
853
423
398
66
26
448
600
70
138
27
64
456
26
422
927
665
351
836
524
892
991
667
313
373
417
265
665
182
485
728
998
717
420
715
445
873
855
45
661
830
688
181
776
333
106
576
507
782
422
806
834
601
289
594
489
264
879
103
491
17
918
310
158
525
61
370
138
903
163
563
797
81
149
487
544
679
514
737
853
181
987
727
671
472
785
151
249
843
578
796
803
348
489
772
331
89
444
466
408
169
117
174
790
849
448
669
531
711
618
71
176
255
384
257
63
814
855
824
194
9
905
724
258
993
232
325
155
262
749
4
733
463
822
629
572
704
231
340
970
782
453
565
370
490
825
97
940
64
748
118
75
904
689
990
109
628
399
943
906
327
435
42
507
197
477
333
919
893
184
836
446
567
194
26
451
549
84
290
180
395
729
520
620
871
40
499
523
551
714
808
376
906
165
207
70
501
123
146
619
216
34
450
644
783
147
177
244
512
392
419
955
400
562
706
318
701
670
663
962
307
245
963
605
109
146
857
700
41
247
475
178
348
338
671
935
22
576
704
961
585
477
63
368
399
588
97
421
542
606
625
110
7
70
747
983
549
144
223
519
523
508
443
16
207
11
693
187
341
637
121
337
109
1000
943
451
201
312
792
453
181
448
529
827
687
311
808
255
938
47
838
393
709
192
851
965
188
979
975
931
436
799
488
192
177
823
175
38
238
904
4
92
946
465
574
78
192
846
736
785
421
555
989
159
363
341
800
662
747
232
568
193
292
962
618
321
408
565
400
267
768
889
907
617
19
601
419
609
388
71
715
994
52
771
125
227
476
81
502
254
361
476
416
291
219
740
234
47
453
497
553
959
776
97
117
802
443
51
582
479
93
908
80
369
686
131
968
147
842
880
940
20
681
515
556
558
423
579
213
861
847
711
352
721
125
730
701
829
154
278
824
46
207
618
346
767
303
91
970
405
156
899
533
686
338
168
782
160
226
4
420
145
380
299
601
488
80
240
319
82
916
742
611
947
173
470
847
337
747
21
876
921
878
570
470
667
133
733
554
340
20
278
634
631
298
529
986
337
767
891
683
952
350
930
539
713
597
666
861
642
542
647
930
690
405
879
606
756
451
673
383
603
369
879
76
449
153
353
163
942
355
272
708
255
883
957
307
957
293
844
246
299
983
574
444
569
554
185
666
488
298
605
142
182
881
950
917
500
306
824
473
885
652
208
813
220
727
521
750
685
881
420
774
515
505
790
268
476
23
26
570
488
36
599
700
181
742
787
352
523
902
204
522
220
782
581
195
323
326
671
300
692
503
729
667
691
482
223
120
710
873
808
997
694
963
625
757
400
586
618
249
522
602
433
411
460
100
742
534
280
318
622
839
357
81
791
593
426
680
812
666
79
408
423
794
209
189
522
73
127
941
829
519
959
165
384
999
398
337
162
919
678
872
87
441
153
534
142
866
394
338
463
856
382
872
221
719
139
909
673
156
252
259
960
275
930
166
226
921
572
172
835
433
365
14
625
955
835
372
39
284
767
83
5
663
42
724
156
628
803
571
987
846
372
237
189
156
421
99
725
679
42
899
7
335
583
761
491
723
702
618
413
163
215
172
170
842
623
172
260
166
76
113
922
802
301
946
931
448
642
703
657
38
561
218
192
678
577
842
174
77
996
450
859
767
288
926
641
841
575
519
897
155
837
51
153
525
834
68
367
358
698
284
107
830
141
551
356
445
35
286
453
963
931
818
389
385
893
185
717
287
366
894
531
124
561
863
402
150
35
755
179
813
331
215
639
449
77
744
648
89
310
983
457
165
608
663
630
173
407
696
365
636
950
638
891
583
335
564
254
987
528
114
94
417
762
413
569
359
553
463
140
52
227
963
182
848
461
958
301
683
194
782
333
854
367
929
447
639
917
733
808
141
892
608
409
520
771
655
982
463
168
2
701
525
249
732
619
837
935
481
909
264
779
629
823
962
129
503
330
188
414
93
956
235
630
904
789
639
433
709
501
107
740
306
205
389
123
781
968
888
873
193
419
141
39
361
357
926
561
770
361
220
626
111
150
13
885
664
7
989
684
728
566
79
436
409
29
40
37
884
429
868
917
887
577
665
796
649
259
399
345
970
779
913
984
685
19
145
791
231
171
707
631
860
412
301
444
350
999
106
415
171
422
534
578
307
11
396
433
567
407
145
177
690
274
354
56
330
837
928
588
592
406
626
72
727
401
385
625
251
607
569
456
791
274
499
806
516
536
991
482
970
611
356
448
418
133
446
286
55
564
660
435
428
945
199
218
398
122
753
910
337
940
265
127
122
170
707
275
672
42
769
833
275
269
852
757
334
978
541
261
552
834
737
101
162
612
456
907
186
381
995
386
812
680
780
362
903
644
350
844
153
619
316
459
110
73
772
968
287
738
808
146
726
28
707
533
548
5
633
899
132
608
525
437
26
307
451
611
855
610
693
574
379
890
661
332
149
869
496
111
173
564
100
187
180
161
142
837
291
347
553
187
918
976
485
914
665
267
472
214
553
707
475
260
242
206
445
56
653
953
249
275
776
776
328
513
975
938
779
113
32
308
676
697
249
574
211
425
367
927
520
481
806
13
515
892
293
207
403
413
937
90
511
875
993
769
370
78
166
942
196
678
891
575
183
609
967
211
966
256
360
300
208
264
287
236
638
44
950
484
151
403
409
407
701
568
155
922
362
426
1
875
787
679
610
24
14
760
514
650
103
174
97
249
589
749
334
918
344
733
554
959
507
326
921
604
669
2
401
397
611
746
26
303
343
367
607
978
583
16
566
268
1
235
560
385
74
800
465
539
407
758
753
541
981
537
791
348
140
356
238
102
100
967
460
603
283
707
811
818
59
338
566
329
634
31
413
280
556
604
470
557
478
599
455
653
506
964
616
492
120
690
143
140
138
880
469
221
589
429
232
86
319
812
655
868
652
327
813
549
619
888
266
368
383
441
375
874
438
790
244
609
511
973
388
212
259
444
869
536
551
424
903
313
761
927
308
404
933
288
130
435
529
731
82
49
776
612
908
791
875
844
99
826
377
218
305
718
737
391
4
799
486
158
3
613
123
610
611
257
138
977
902
934
23
215
912
529
234
808
929
943
707
830
787
165
796
321
467
53
634
780
412
170
868
773
172
811
932
639
708
714
325
240
262
325
736
159
843
220
959
977
210
872
475
56
443
500
537
41
313
769
814
845
935
632
98
924
237
409
638
611
814
43
864
371
675
899
842
557
400
869
627
229
54
25
187
439
617
442
537
841
536
471
408
848
34
600
893
125
819
668
409
807
39
43
995
66
894
129
973
889
945
743
325
216
527
549
482
98
317
794
977
975
817
704
291
293
155
51
562
770
398
984
794
132
709
210
801
358
794
354
366
421
867
631
466
405
288
47
281
780
501
539
27
811
368
27
641
914
3
321
287
396
244
688
637
646
365
653
120
628
654
184
846
803
674
508
864
958
407
21
274
582
832
529
200
735
510
931
860
563
716
528
441
648
863
399
728
553
928
206
425
45
569
193
550
535
787
25
287
982
583
179
998
353
166
196
990
805
58
963
924
398
360
682
332
949
87
124
548
162
405
435
419
627
815
118
730
33
682
779
33
959
98
528
459
915
506
82
182
869
878
505
911
985
858
412
768
929
974
263
451
232
332
782
528
967
803
994
896
510
201
357
349
278
621
820
303
414
141
356
922
546
42
291
535
174
255
240
461
9
724
467
785
349
645
837
298
997
119
421
737
927
815
259
868
377
438
616
147
233
575
570
702
539
890
878
806
624
239
824
442
549
329
5
645
714
344
679
632
514
162
184
454
803
909
763
817
239
734
389
814
194
810
998
79
110
684
950
926
432
447
633
726
220
618
504
347
27
523
656
128
923
346
9
153
448
701
84
779
279
115
939
682
532
227
444
868
938
419
300
981
685
611
865
221
655
413
329
319
228
855
573
263
985
160
174
311
689
418
583
149
307
411
669
61
456
199
245
405
757
757
864
945
589
662
797
734
681
167
83
862
299
780
749
477
137
629
845
26
316
422
753
248
659
451
648
693
840
351
352
798
591
296
745
466
110
692
768
675
403
330
487
964
380
680
947
309
809
419
853
665
392
960
738
455
243
940
105
454
196
728
357
718
335
84
571
490
21
360
991
502
447
657
420
725
765
720
769
627
910
778
786
48
400
186
605
167
497
881
553
116
132
558
130
538
439
404
427
221
666
285
568
346
234
145
727
118
908
629
744
429
81
477
411
90
767
153
814
498
259
91
834
938
797
984
108
216
903
282
735
408
320
25
988
619
99
749
350
861
862
95
91
996
46
976
271
534
379
262
667
53
861
501
358
92
138
440
689
995
674
538
158
470
188
619
655
4
80
231
368
221
698
812
71
387
881
619
219
952
488
480
710
355
784
868
533
930
232
338
583
375
484
484
928
768
980
500
345
997
430
537
491
348
473
520
38
742
270
534
857
119
885
264
626
864
775
253
878
960
436
158
765
947
839
135
122
958
445
100
201
859
966
440
870
376
659
588
968
795
984
106
425
453
446
283
787
476
701
873
330
36
87
252
364
636
580
469
701
572
221
301
24
924
160
480
801
40
654
290
399
547
490
783
112
709
754
255
351
295
404
562
865
924
625
727
159
23
881
791
91
975
370
390
618
478
82
116
302
278
826
486
346
474
717
567
154
7
289
755
372
807
732
974
538
632
458
931
486
82
763
644
4
88
789
848
307
110
687
253
49
342
820
77
704
942
267
677
108
864
196
106
365
646
282
778
3
946
127
620
821
381
626
566
806
595
476
935
878
68
133
79
544
886
811
493
951
898
871
220
782
350
443
829
477
571
5
91
650
496
725
259
90
185
130
983
539
960
454
8
242
22
283
756
484
66
247
105
581
171
655
309
628
534
880
57
689
700
449
336
778
85
441
510
893
829
222
671
903
33
664
145
62
65
441
524
417
690
954
133
177
182
137
375
475
784
957
335
185
748
379
366
975
400
232
48
778
604
562
172
549
801
578
516
996
100
436
352
48
45
179
461
584
653
503
519
38
418
170
411
369
336
19
774
592
788
681
434
58
96
584
47
941
428
256
188
966
509
522
19
31
937
637
64
463
484
61
131
195
889
645
491
360
460
326
279
293
815
410
36
334
432
675
495
379
500
356
630
804
548
819
880
203
369
614
171
416
61
801
34
759
31
940
211
270
675
698
954
189
940
145
993
876
911
605
961
449
624
771
358
553
475
795
808
195
599
935
9
849
429
52
128
12
182
567
247
47
458
883
504
598
340
955
11
164
826
200
27
55
811
862
325
104
807
719
33
708
809
810
407
627
674
206
281
957
68
313
693
936
324
461
879
453
134
621
799
143
209
654
272
239
324
448
784
664
573
317
993
988
691
706
929
144
205
22
403
542
374
189
724
32
408
623
1
192
81
424
718
568
405
745
651
87
23
158
621
669
955
2
710
200
776
316
570
923
585
329
3
979
980
208
988
413
536
265
147
470
719
883
432
976
928
628
687
520
622
584
543
800
619
224
165
571
733
49
755
122
891
882
206
655
965
676
349
853
58
741
964
643
527
441
610
215
717
910
397
172
597
380
99
122
260
94
987
209
737
697
885
686
806
672
462
791
289
616
558
571
684
395
62
137
830
945
902
624
490
927
279
370
551
116
738
575
650
196
469
953
5
67
900
789
257
604
426
212
994
873
859
731
836
45
11
443
492
823
780
78
953
521
135
77
755
313
566
841
831
866
317
842
115
951
204
396
90
854
487
598
464
930
401
718
542
348
732
217
999
223
970
178
339
620
739
93
642
263
734
37
667
86
525
120
861
485
555
730
859
367
308
939
103
376
803
424
873
331
818
859
627
14
651
755
233
143
507
581
694
982
975
809
793
273
337
225
835
585
161
694
566
814
802
743
451
835
6
684
422
992
909
579
479
939
58
334
808
94
732
548
103
544
297
931
793
98
643
916
888
86
431
646
493
625
391
768
365
960
794
830
893
805
388
266
388
890
923
697
545
726
134
575
703
382
278
707
42
554
132
536
655
934
583
903
898
631
914
515
781
535
50
335
531
788
446
807
708
793
828
857
118
677
863
46
806
809
403
363
628
375
75
235
243
363
440
841
514
564
623
897
177
374
675
955
404
482
688
910
287
190
763
310
573
839
148
562
670
375
211
551
2
13
303
142
934
323
945
190
384
897
70
105
448
480
781
406
305
590
672
548
212
448
803
126
262
257
37
417
355
185
622
857
732
647
431
310
210
354
995
289
540
358
731
10
467
699
113
672
288
479
684
421
403
324
725
961
930
318
526
717
811
531
860
442
847
882
955
378
771
324
689
650
895
816
551
970
427
940
544
63
812
642
156
884
222
676
781
295
180
71
383
535
991
722
560
992
412
863
969
666
82
788
253
441
333
29
754
392
376
793
809
664
55
500
964
782
536
87
800
422
113
382
341
840
915
7
720
699
94
834
127
824
608
142
370
797
280
573
437
204
754
662
752
673
268
465
608
367
99
776
635
532
328
933
38
214
989
966
12
605
158
529
873
544
540
739
435
676
377
294
938
664
22
759
721
882
567
546
150
394
653
869
960
44
519
587
101
870
253
688
964
54
476
250
402
196
838
523
493
732
557
74
253
243
347
69
104
808
938
468
223
707
425
434
545
638
822
633
912
351
769
729
171
976
515
179
542
621
234
801
110
626
809
351
913
575
181
478
704
757
541
612
103
150
684
705
997
905
729
365
340
262
841
714
749
427
11
247
381
486
534
260
846
379
117
872
854
357
645
578
213
863
817
56
345
21
351
546
302
820
55
119
938
629
33
338
513
218
927
597
280
202
59
148
225
562
905
325
891
413
518
628
393
719
345
745
61
56
362
374
923
358
504
74
390
420
284
189
366
74
125
558
360
11
444
985
292
851
717
254
879
49
635
832
64
493
417
390
512
494
366
636
251
716
672
262
419
101
9
856
626
945
727
882
501
501
612
438
695
109
874
264
899
495
750
462
664
570
718
956
38
501
779
521
44
295
627
297
492
951
402
863
208
280
517
125
929
997
617
255
191
841
889
585
734
141
826
1
207
79
616
101
43
176
126
443
502
956
518
19
680
47
234
233
934
190
172
670
669
287
480
524
479
795
599
957
316
365
867
465
142
650
394
497
797
349
806
497
98
601
841
71
689
717
780
816
235
822
806
35
580
583
590
281
25
825
330
826
289
769
119
982
102
97
861
766
602
466
862
725
300
678
420
659
371
99
618
495
54
272
85
922
423
364
146
983
644
227
242
619
720
371
564
785
871
259
773
207
627
632
868
683
108
237
20
709
479
94
633
966
601
442
352
984
937
37
763
887
300
147
414
726
920
216
548
736
937
455
40
732
903
228
894
6
191
424
684
816
63
314
371
987
994
393
451
736
146
779
391
750
361
239
857
404
568
70
225
817
486
217
802
926
151
178
869
669
466
192
937
524
996
924
307
906
461
502
42
390
429
920
5
526
798
72
151
574
870
553
836
416
141
441
335
189
932
499
243
990
897
270
789
712
705
469
176
936
419
974
221
509
391
115
593
685
407
564
332
150
32
667
766
715
360
303
436
379
628
288
490
634
53
904
62
617
240
887
547
612
50
594
878
726
309
66
906
520
507
259
455
174
506
413
384
123
444
41
16
943
818
136
748
70
855
206
302
873
259
855
376
498
569
852
130
860
674
783
864
220
730
661
322
270
565
942
367
36
793
949
98
295
160
346
794
935
763
835
167
45
233
651
849
502
44
858
936
282
918
343
413
561
249
328
463
345
769
153
850
961
609
108
11
504
181
474
830
980
328
23
827
204
446
954
819
163
395
306
336
82
623
775
992
574
708
377
208
651
788
992
26
698
537
48
923
324
612
377
45
696
165
335
243
2
809
871
530
143
874
545
700
838
842
123
494
813
649
946
750
357
384
627
21
397
54
678
213
546
312
666
798
442
915
452
686
44
574
715
54
923
650
714
621
306
730
869
251
491
174
44
163
477
709
919
27
204
963
323
50
128
336
304
789
16
943
423
869
52
673
192
561
527
131
724
329
660
573
352
146
314
174
876
621
811
913
522
432
402
508
842
959
669
629
214
393
171
208
331
742
798
427
23
203
386
503
653
966
174
372
366
418
446
749
947
240
89
430
368
884
196
120
679
509
139
314
193
563
292
169
250
980
260
265
492
931
878
692
886
804
616
837
160
117
219
285
656
648
735
57
808
612
391
545
399
538
728
450
330
330
995
992
622
520
313
83
805
364
600
478
826
933
6
827
610
622
840
391
302
587
336
267
956
676
514
428
782
17
61
783
804
399
933
885
577
817
951
877
668
269
802
595
9
251
370
116
937
151
108
258
220
350
750
898
106
238
646
652
43
32
880
350
157
474
460
486
584
233
436
936
762
566
496
727
333
686
414
980
112
335
3
306
346
632
25
787
898
179
310
17
260
611
846
325
439
574
686
453
818
48
556
901
353
805
812
82
624
580
604
530
213
963
586
436
240
901
260
127
469
194
514
490
862
142
76
915
627
253
61
552
979
730
664
774
860
628
422
369
11
608
607
914
725
889
698
994
299
229
995
300
135
596
467
116
712
746
199
357
897
44
402
59
582
450
629
516
276
62
744
466
79
124
205
875
909
45
225
700
32
813
728
12
559
403
382
509
256
131
704
487
78
206
444
815
586
440
529
211
345
463
347
204
412
233
900
847
631
250
828
705
338
991
25
581
833
563
884
262
907
134
827
78
735
236
364
166
225
251
326
166
269
466
549
243
370
905
305
598
143
177
897
197
797
110
7
107
797
606
8
297
12
619
109
542
492
745
662
366
67
964
691
879
30
928
670
280
359
789
246
101
158
267
150
507
119
427
723
685
30
832
507
738
673
981
999
752
329
521
77
725
403
500
932
475
721
87
633
802
513
417
59
315
321
572
806
671
392
819
585
759
777
410
969
210
298
781
567
582
627
690
352
369
980
48
951
477
662
732
784
425
505
735
559
805
46
705
6
797
817
448
831
38
829
1000
126
775
91
751
945
228
370
182
583
919
301
377
999
7
22
149
26
478
688
223
158
468
449
841
853
839
950
271
209
969
900
999
775
758
427
857
475
917
967
212
508
834
425
577
430
846
342
711
521
437
170
641
63
341
954
227
186
767
482
738
788
463
951
852
993
568
780
392
152
516
110
117
740
34
782
770
875
369
300
453
847
217
269
83
955
358
330
152
230
70
914
232
461
208
606
940
381
826
121
57
573
716
693
413
697
801
489
974
455
88
572
606
832
583
149
866
673
942
74
63
812
135
271
644
846
790
406
173
743
590
363
91
514
977
195
596
649
11
374
120
145
482
457
264
673
522
299
973
32
561
507
685
268
587
492
260
124
436
447
491
430
991
834
583
261
106
925
340
552
768
377
761
941
764
102
811
59
449
992
607
201
21
446
754
1
50
767
525
781
803
114
583
909
284
551
543
893
988
390
15
490
718
348
242
50
699
940
865
105
330
85
69
141
394
300
606
675
640
170
759
326
710
677
519
235
968
397
662
371
407
493
651
977
785
125
43
728
688
729
5
859
665
128
617
814
338
726
741
597
368
525
718
652
848
187
507
375
596
940
884
468
715
780
609
192
237
794
877
104
200
875
873
630
778
711
5
715
904
176
751
633
666
599
402
369
367
823
186
131
617
149
219
860
48
337
892
176
508
622
673
397
495
979
21
132
609
435
956
823
907
521
544
212
521
654
469
709
214
213
683
984
66
667
182
425
897
652
304
920
273
403
392
458
966
335
437
22
370
306
929
589
787
170
356
548
944
711
37
764
947
818
971
977
286
274
544
954
337
316
306
190
474
81
742
875
389
357
664
798
878
692
126
516
344
96
15
364
471
406
165
22
906
743
10
41
981
255
593
595
318
401
116
107
439
345
385
795
972
316
685
991
271
529
16
71
978
359
884
222
199
342
44
851
446
1
559
783
328
776
331
987
756
905
717
844
676
70
11
383
754
764
765
135
760
880
106
524
649
738
637
645
123
101
739
167
893
689
492
974
391
567
702
609
508
174
99
425
28
634
852
66
389
865
42
512
77
650
202
245
776
649
930
398
653
779
40
997
590
803
720
844
817
203
873
419
20
384
91
704
554
224
842
937
253
697
258
118
973
677
522
349
306
391
112
459
411
235
506
279
365
283
27
259
600
578
533
828
837
751
299
208
359
236
271
105
88
518
899
208
269
102
190
257
996
740
123
525
12
780
640
127
428
23
510
994
199
681
732
751
389
229
479
904
913
473
588
925
622
532
26
275
936
595
537
498
884
142
70
73
784
451
876
537
539
596
894
372
681
210
107
609
972
940
535
942
159
135
837
990
386
445
431
138
293
618
379
668
271
383
71
515
212
53
83
18
5
674
21
208
822
824
151
606
850
273
141
773
761
280
847
379
318
46
797
269
798
561
153
743
890
332
387
883
515
525
824
25
763
15
848
677
327
468
320
836
350
403
785
67
899
515
680
986
58
769
648
335
633
971
559
949
331
331
318
441
996
145
206
23
292
185
335
165
838
253
600
984
205
271
687
989
518
910
380
827
688
208
948
730
190
209
779
679
143
387
472
528
243
758
448
168
916
917
283
347
963
25
318
387
440
425
356
639
257
952
604
89
720
174
770
637
923
695
194
272
697
251
98
451
83
167
429
184
541
107
100
349
231
583
897
563
792
433
578
7
688
373
107
789
692
548
405
800
771
351
172
881
74
491
442
622
229
453
323
56
626
899
415
429
221
758
444
319
429
579
623
195
561
675
355
0
101
329
133
543
877
789
321
365
207
387
866
243
189
551
255
439
914
492
408
897
934
795
217
85
199
356
855
691
637
492
867
498
101
702
54
861
569
805
87
481
27
382
781
647
83
256
33
420
341
652
21
740
956
432
339
124
836
477
698
937
864
595
493
654
208
132
992
345
949
605
807
527
526
46
198
214
188
714
31
603
527
283
958
221
901
262
900
865
592
336
452
565
467
829
137
739
564
433
421
153
614
385
435
26
310
554
539
647
569
241
105
491
966
616
438
639
208
552
235
165
981
468
544
575
815
164
605
439
96
8
950
26
336
675
569
73
413
279
770
518
44
49
73
824
367
732
436
129
75
362
630
931
905
527
235
448
331
599
31
343
745
308
30
99
645
202
514
588
528
420
786
490
627
422
510
551
4
453
436
849
268
400
255
157
762
337
885
361
751
938
94
150
908
499
425
62
37
70
850
201
230
734
72
353
870
812
926
915
295
227
274
471
260
61
241
730
34
432
173
91
658
768
435
269
140
413
435
324
8
423
488
409
893
208
817
995
977
990
313
731
752
3
631
34
762
71
482
138
746
221
625
636
474
631
524
271
879
298
707
977
864
456
202
992
565
635
751
807
986
335
174
359
337
981
670
596
937
880
895
245
668
287
504
162
261
924
375
553
770
131
600
346
700
428
424
487
893
299
784
115
912
677
181
228
552
236
176
670
221
168
5
621
904
538
870
516
925
212
639
899
628
922
300
882
570
201
285
515
310
671
773
664
868
23
195
70
734
669
549
894
487
985
555
48
570
402
371
443
999
620
940
693
959
303
379
749
156
78
920
481
914
227
267
645
659
137
284
140
371
105
744
179
953
403
924
383
335
256
30
824
68
614
660
370
96
718
676
90
141
657
432
286
738
543
614
12
11
282
204
458
503
86
401
717
196
293
407
204
233
155
852
217
952
984
616
973
435
66
293
179
760
214
221
92
870
572
818
725
123
536
640
224
515
698
518
265
855
522
411
768
395
243
60
247
468
875
248
822
186
708
702
932
891
374
58
54
933
439
309
328
826
698
735
768
645
224
929
766
888
715
445
80
942
646
767
24
475
422
72
979
164
205
577
493
739
798
229
719
792
370
116
30
494
927
274
69
395
379
582
860
726
999
661
62
946
895
336
129
373
210
178
428
451
8
86
180
841
92
808
637
709
534
871
283
498
428
653
740
784
33
815
150
750
539
666
974
618
153
461
459
581
405
317
579
33
328
866
873
122
829
54
437
97
521
108
547
163
367
582
679
447
867
271
843
903
166
119
961
201
83
661
677
685
741
138
65
288
828
826
173
873
366
547
954
620
182
932
689
561
60
783
753
352
502
956
59
555
428
408
910
146
566
222
716
50
102
676
723
6
953
694
832
736
827
502
858
271
71
600
645
682
131
383
347
981
864
427
25
532
524
831
640
674
146
634
100
859
764
872
166
30
415
607
267
293
739
937
317
195
192
19
338
387
88
433
458
664
28
447
122
831
499
739
562
26
351
228
386
341
425
818
547
142
847
612
786
400
405
844
538
314
306
491
608
588
770
385
36
486
58
85
13
690
38
96
203
543
367
554
421
794
287
903
575
94
303
117
807
417
536
622
433
872
501
95
885
390
321
774
818
881
581
662
600
387
581
212
622
954
579
969
71
217
561
145
851
889
716
36
725
251
617
216
379
581
986
163
620
285
14
393
597
814
173
733
628
44
464
136
17
906
756
430
767
252
292
564
721
392
999
696
259
763
849
99
410
510
777
858
218
222
939
286
891
112
451
441
215
100
52
821
416
1
87
29
18
881
680
648
840
445
266
803
694
537
206
903
225
862
536
630
26
419
359
841
103
374
601
306
28
160
52
958
535
124
15
264
981
768
135
326
908
554
515
891
334
529
242
820
196
13
560
382
755
986
649
765
301
189
329
752
921
319
657
975
349
692
148
12
184
375
408
260
682
341
747
938
778
132
874
736
203
40
841
425
904
846
730
378
99
332
943
110
55
836
360
806
477
496
96
316
907
308
893
568
639
133
807
447
639
254
285
545
235
790
830
227
977
347
664
119
84
701
179
870
87
198
779
194
318
271
263
585
824
593
99
975
61
94
115
605
971
821
892
332
49
238
654
911
894
236
787
609
310
666
186
425
908
146
872
478
335
704
394
298
180
743
387
385
97
652
467
90
501
42
262
127
10
321
747
947
204
298
201
785
801
156
508
645
907
768
274
642
141
444
369
786
192
488
999
537
796
499
247
933
94
99
952
715
189
76
591
171
389
585
49
236
856
797
881
294
914
886
83
883
670
691
35
775
149
91
352
354
449
987
830
80
941
868
339
28
104
488
115
310
834
896
40
74
202
13
773
117
121
373
931
260
690
144
249
209
647
766
553
368
851
443
184
320
209
473
498
95
482
412
932
981
664
110
236
830
370
691
415
279
507
803
306
605
21
666
181
765
432
679
505
424
61
705
817
665
818
679
129
952
358
301
171
480
563
550
421
246
38
251
336
460
732
945
815
503
100
810
726
573
708
216
744
225
102
902
763
912
505
341
247
33
824
318
841
170
662
876
53
33
767
38
576
666
418
717
106
649
446
892
500
856
97
572
214
45
750
744
706
687
917
898
605
889
602
932
511
28
101
567
365
91
680
254
814
205
188
533
389
133
37
321
466
235
178
75
740
23
258
334
430
629
337
983
513
777
986
276
683
108
560
291
471
246
405
304
177
566
619
315
443
254
48
669
200
167
728
918
284
424
736
650
994
945
352
315
446
541
962
109
910
176
316
24
243
736
925
581
648
705
668
985
977
628
664
975
819
540
174
739
149
715
743
962
166
562
758
255
264
661
460
141
796
80
45
27
108
784
279
208
801
232
970
329
349
791
929
48
327
370
802
405
211
646
842
106
436
753
490
841
496
27
528
293
241
923
397
999
536
211
22
21
716
942
568
888
691
778
286
298
860
951
383
186
576
999
701
778
826
152
34
764
89
680
949
173
78
402
338
701
416
576
281
175
285
321
633
231
404
372
426
606
982
713
444
405
512
166
951
970
233
620
433
907
741
599
774
499
106
589
372
414
18
936
226
874
622
640
191
790
937
363
447
731
267
936
750
821
803
987
698
542
525
139
868
107
900
150
680
474
368
733
878
855
438
410
437
273
4
278
326
276
828
798
724
687
119
578
366
673
995
35
851
646
654
297
385
974
895
343
873
93
930
214
544
92
52
75
995
297
542
344
712
648
808
100
595
871
545
522
597
362
231
830
630
211
472
508
457
387
597
200
268
839
34
86
297
929
534
273
632
15
59
780
642
201
249
244
588
283
328
122
39
946
575
917
524
244
283
750
198
380
918
616
711
476
464
887
967
312
826
789
124
328
49
348
276
419
85
648
409
909
443
926
56
262
664
55
539
134
181
280
243
796
359
673
415
666
114
217
481
268
377
892
892
92
841
768
839
166
723
624
655
138
576
430
836
57
619
933
876
50
322
205
351
626
126
96
647
623
521
231
68
1000
910
10
169
52
914
497
213
209
787
634
105
367
5
768
797
712
200
217
594
583
827
10
607
483
494
451
396
989
93
942
297
237
534
777
602
862
528
424
810
369
953
910
878
260
492
613
648
90
850
282
205
994
825
944
870
804
851
811
166
683
823
442
921
218
867
51
991
660
355
82
849
167
471
298
629
625
645
634
969
389
594
67
300
559
327
292
327
740
2
647
285
640
470
89
567
746
260
908
7
252
953
966
230
175
582
148
171
15
436
608
868
56
424
330
946
595
25
753
347
678
655
716
387
780
562
795
708
432
411
873
885
464
135
420
177
714
207
122
992
344
19
539
17
404
855
595
840
274
906
205
854
356
846
711
841
922
378
283
168
846
659
573
134
234
121
12
130
866
500
517
282
124
397
885
327
22
369
381
444
264
776
595
103
197
605
635
908
586
479
457
908
634
272
854
788
735
408
637
819
601
370
382
251
477
975
960
610
98
767
439
348
992
116
342
696
343
540
269
787
287
616
123
720
949
774
691
791
566
685
627
11
902
951
82
890
698
610
242
950
534
921
471
42
488
721
18
634
144
428
839
742
112
331
14
832
269
498
787
100
121
980
214
248
759
752
31
255
53
252
465
501
694
892
323
429
769
102
695
438
998
620
1000
636
359
388
433
996
893
493
353
856
858
747
120
95
301
123
3
960
282
365
640
989
546
905
395
802
163
547
562
73
937
543
52
741
626
821
440
661
32
103
48
35
748
39
652
274
344
237
848
91
370
806
704
346
116
224
850
962
975
275
923
995
28
725
379
10
78
92
571
108
464
964
671
802
683
369
831
927
490
695
21
677
92
719
956
611
822
878
967
396
669
681
963
404
342
705
410
156
4
89
542
570
250
263
776
817
818
202
551
381
967
76
550
85
621
853
740
822
403
164
449
862
962
457
718
207
129
561
350
190
367
988
620
637
26
422
99
72
143
938
323
21
102
83
83
758
112
920
833
308
290
587
828
496
549
576
18
687
384
552
146
169
981
41
743
889
830
477
606
152
325
399
472
396
208
950
127
420
572
160
265
489
323
167
317
174
174
841
950
787
871
510
632
925
253
731
62
26
917
356
596
773
43
883
186
735
374
457
757
907
769
239
249
600
358
876
246
158
444
888
639
803
975
703
298
388
984
883
336
723
368
965
722
515
712
435
564
223
172
220
169
131
948
711
922
814
13
13
549
897
412
865
86
575
656
280
193
876
768
14
60
907
381
515
265
987
151
850
84
853
760
485
221
164
546
232
500
408
592
791
304
832
415
189
536
773
899
285
658
396
86
245
218
976
504
301
655
307
197
444
896
702
777
535
394
851
775
610
99
760
827
178
350
175
920
762
877
150
84
681
684
226
865
646
564
175
877
211
393
226
113
894
871
791
107
85
149
939
596
456
326
316
888
224
714
101
550
137
647
992
317
360
302
314
550
638
299
77
660
701
334
115
115
68
312
511
308
584
823
442
616
297
973
11
630
155
38
463
25
706
390
716
967
687
905
541
649
627
346
27
190
227
170
357
450
513
265
527
411
967
664
20
827
145
672
37
461
932
55
621
851
14
5
763
54
34
963
978
935
597
953
925
774
62
803
571
121
618
84
507
318
348
856
451
841
186
226
182
696
719
18
46
133
307
461
714
299
279
236
679
115
468
524
598
717
579
681
65
189
652
861
401
310
133
649
254
105
899
198
673
929
25
775
575
180
743
625
315
8
746
223
25
32
353
894
972
606
406
54
461
424
576
575
975
112
120
592
152
363
477
544
50
136
735
658
988
922
830
832
930
508
290
294
91
53
420
570
133
417
548
985
825
679
513
628
545
260
35
344
352
8
637
128
38
675
274
877
921
34
832
713
965
832
171
439
64
918
93
904
534
273
925
717
651
376
420
581
592
253
139
904
430
523
472
190
801
415
187
283
747
663
640
47
344
40
181
695
392
16
295
283
139
48
63
90
781
644
939
736
243
943
959
967
872
853
71
999
625
411
272
248
5
397
202
677
299
831
143
371
381
86
448
538
586
98
483
379
163
712
682
297
942
210
965
849
480
585
677
512
390
105
932
311
630
792
594
607
928
254
927
941
504
866
904
33
406
176
807
524
311
276
691
377
206
391
466
791
904
157
35
355
468
247
904
19
641
372
353
921
799
617
446
806
456
672
500
991
517
911
218
225
883
836
916
773
190
336
78
808
989
119
345
49
36
195
419
278
655
736
873
17
893
191
588
198
518
284
145
411
75
199
420
164
154
61
975
341
293
527
308
179
596
858
216
852
106
231
740
801
523
915
934
435
469
302
247
183
358
909
455
17
424
129
255
841
709
400
799
765
613
854
41
21
949
369
943
910
536
335
124
987
522
293
161
791
118
937
85
561
370
723
524
362
377
673
945
219
532
343
51
360
823
704
134
483
590
44
948
942
763
398
638
73
513
881
735
606
762
984
820
961
358
151
949
699
325
698
701
369
265
85
70
448
670
281
533
850
299
606
920
654
427
783
945
480
446
237
712
295
59
278
270
347
338
639
782
892
570
102
678
661
582
851
86
161
417
142
266
791
355
801
823
679
611
536
795
908
472
101
690
548
177
373
49
623
406
584
29
598
248
977
554
707
194
921
394
626
13
270
202
122
91
601
154
359
455
212
7
642
96
654
11
325
227
37
577
158
489
783
786
364
633
336
128
386
182
173
387
565
273
712
325
394
890
240
43
818
275
619
274
309
226
830
819
835
598
861
591
666
15
668
723
859
500
525
773
559
697
946
629
436
110
163
174
548
790
328
258
815
589
980
900
966
503
590
989
503
710
714
761
141
170
443
38
834
718
664
309
600
507
248
101
816
272
581
568
399
129
378
220
17
293
295
416
958
123
760
698
674
47
14
861
216
147
132
491
582
284
406
258
516
192
379
868
395
559
297
753
967
147
31
969
949
78
632
351
871
579
490
348
967
287
151
413
591
714
475
126
617
883
850
184
0
707
807
184
259
379
174
197
624
580
153
564
210
604
194
531
960
87
832
352
561
484
504
841
289
594
704
202
501
105
564
567
757
197
555
821
25
595
331
695
734
236
225
249
998
18
769
989
107
909
20
587
292
808
755
23
697
581
741
970
871
496
181
885
105
739
297
37
211
351
747
765
93
845
402
100
557
41
731
442
68
884
815
607
361
335
519
814
585
518
220
826
323
202
458
917
783
386
140
810
602
408
481
132
732
164
158
470
666
826
271
80
347
648
751
486
403
950
625
527
73
60
149
393
248
244
261
504
903
735
452
209
331
295
159
213
5
661
335
186
346
930
380
910
956
612
168
673
17
697
292
505
990
981
737
664
983
598
378
141
30
669
408
875
145
695
869
155
656
541
869
182
238
605
242
636
72
192
335
465
785
95
657
396
530
551
726
378
841
994
262
627
691
442
246
439
93
121
368
425
119
530
841
3
805
609
402
913
806
808
95
739
974
468
425
610
677
545
569
938
389
693
844
370
327
599
675
858
231
143
391
471
645
90
85
821
42
742
430
655
447
851
993
160
883
259
464
435
201
315
966
407
590
694
384
367
930
387
878
670
791
843
218
104
353
423
95
970
191
343
790
998
979
817
693
800
724
672
591
315
767
505
4
656
268
820
634
709
651
859
272
597
30
845
352
479
938
779
785
186
477
666
612
320
359
128
266
198
968
590
171
93
29
40
619
853
276
570
198
283
473
164
923
893
872
50
472
912
671
526
973
938
254
851
507
979
714
616
967
698
73
354
314
217
107
742
256
806
296
65
443
956
910
657
896
432
160
758
796
319
776
461
221
278
833
989
172
431
73
936
178
952
660
29
373
788
161
619
277
851
809
697
279
804
773
676
851
628
578
652
453
243
818
841
782
339
356
663
828
346
940
67
230
586
724
806
517
968
838
244
877
275
985
949
912